1 0.0 1.0 0.142 1.0 0.0 0.429 0.0 64.0 0.0 128.0 64.0
1 0.0 1.0 0.142 1.0 0.0 0.429 0.0 64.0 0.0 128.0 144.0
1 0.0 1.0 0.142 1.0 0.0 0.429 0.0 64.0 0.0 128.0 224.0
1 0.0 1.0 0.142 1.0 0.0 0.429 0.0 64.0 0.0 128.0 304.0
1 0.0 1.0 0.142 1.0 0.0 0.429 0.0 64.0 0.0 128.0 384.0
1 0.0 1.0 0.142 1.0 0.0 0.571 0.0 64.0 64.0 128.0 32.0
1 0.0 1.0 0.142 1.0 0.0 0.571 0.0 64.0 64.0 128.0 112.0
1 0.0 1.0 0.142 1.0 0.0 0.571 0.0 64.0 64.0 128.0 192.0
1 0.0 1.0 0.142 1.0 0.0 0.571 0.0 64.0 64.0 128.0 272.0
1 0.0 1.0 0.142 1.0 0.0 0.571 0.0 64.0 64.0 128.0 352.0
1 0.0 1.0 0.142 1.0 0.0 0.714 0.0 64.0 128.0 128.0 0.0
1 0.0 1.0 0.142 1.0 0.0 0.714 0.0 64.0 128.0 128.0 80.0
1 0.0 1.0 0.142 1.0 0.0 0.714 0.0 64.0 128.0 128.0 160.0
1 0.0 1.0 0.142 1.0 0.0 0.714 0.0 64.0 128.0 128.0 240.0
1 0.0 1.0 0.142 1.0 0.0 0.714 0.0 64.0 128.0 128.0 320.0
1 0.0 1.0 0.142 1.0 0.0 0.571 0.0 64.0 192.0 128.0 -32.0
1 0.0 1.0 0.142 1.0 0.0 0.571 0.0 64.0 192.0 128.0 48.0
1 0.0 1.0 0.142 1.0 0.0 0.571 0.0 64.0 192.0 128.0 128.0
1 0.0 1.0 0.142 1.0 0.0 0.571 0.0 64.0 192.0 128.0 208.0
1 0.0 1.0 0.142 1.0 0.0 0.571 0.0 64.0 192.0 128.0 288.0
1 0.0 1.0 0.142 1.0 0.0 0.571 0.0 64.0 192.0 128.0 368.0
1 0.0 1.0 0.142 1.0 0.0 0.571 0.0 64.0 256.0 128.0 -64.0
1 0.0 1.0 0.142 1.0 0.0 0.571 0.0 64.0 256.0 128.0 16.0
1 0.0 1.0 0.142 1.0 0.0 0.571 0.0 64.0 256.0 128.0 96.0
1 0.0 1.0 0.142 1.0 0.0 0.571 0.0 64.0 256.0 128.0 176.0
1 0.0 1.0 0.142 1.0 0.0 0.571 0.0 64.0 256.0 128.0 256.0
1 0.0 1.0 0.142 1.0 0.0 0.571 0.0 64.0 256.0 128.0 336.0
1 0.0 1.0 0.142 1.0 0.0 0.286 0.0 64.0 -64.0 128.0 32.0
1 0.0 1.0 0.142 1.0 0.0 0.286 0.0 64.0 -64.0 128.0 112.0
1 0.0 1.0 0.142 1.0 0.0 0.286 0.0 64.0 -64.0 128.0 192.0
1 0.0 1.0 0.142 1.0 0.0 0.286 0.0 64.0 -64.0 128.0 272.0
1 0.0 1.0 0.142 1.0 0.0 0.286 0.0 64.0 -64.0 128.0 352.0
1 0.0 1.0 0.142 1.0 0.0 0.143 0.0 64.0 -128.0 128.0 0.0
1 0.0 1.0 0.142 1.0 0.0 0.143 0.0 64.0 -128.0 128.0 80.0
1 0.0 1.0 0.142 1.0 0.0 0.143 0.0 64.0 -128.0 128.0 160.0
1 0.0 1.0 0.142 1.0 0.0 0.143 0.0 64.0 -128.0 128.0 240.0
1 0.0 1.0 0.142 1.0 0.0 0.143 0.0 64.0 -128.0 128.0 320.0
1 0.0 1.0 0.142 1.0 0.0 0.286 0.0 64.0 -192.0 128.0 -32.0
1 0.0 1.0 0.142 1.0 0.0 0.286 0.0 64.0 -192.0 128.0 48.0
1 0.0 1.0 0.142 1.0 0.0 0.286 0.0 64.0 -192.0 128.0 128.0
1 0.0 1.0 0.142 1.0 0.0 0.286 0.0 64.0 -192.0 128.0 208.0
1 0.0 1.0 0.142 1.0 0.0 0.286 0.0 64.0 -192.0 128.0 288.0
1 0.0 1.0 0.142 1.0 0.0 0.286 0.0 64.0 -192.0 128.0 368.0
1 0.0 1.0 0.142 1.0 0.0 0.286 0.0 64.0 -256.0 128.0 -64.0
1 0.0 1.0 0.142 1.0 0.0 0.286 0.0 64.0 -256.0 128.0 16.0
1 0.0 1.0 0.142 1.0 0.0 0.286 0.0 64.0 -256.0 128.0 96.0
1 0.0 1.0 0.142 1.0 0.0 0.286 0.0 64.0 -256.0 128.0 176.0
1 0.0 1.0 0.142 1.0 0.0 0.286 0.0 64.0 -256.0 128.0 256.0
1 0.0 1.0 0.142 1.0 0.0 0.286 0.0 64.0 -256.0 128.0 336.0
2 0.0 1.0 1.0 1.0 0.5 0.0 0.0 38.0 0.0 38.0 -16.0
2 0.0 1.0 1.0 1.0 0.5 0.0 0.0 38.0 -38.0 38.0 -35.0
2 0.0 1.0 1.0 1.0 0.5 0.0 0.0 38.0 -76.0 38.0 -54.0
2 0.0 1.0 1.0 1.0 0.5 0.0 0.0 38.0 -114.0 38.0 -73.0
2 0.0 1.0 1.0 1.0 0.5 0.0 0.0 38.0 -152.0 38.0 -92.0
2 0.0 1.0 1.0 1.0 0.5 0.0 0.0 38.0 -190.0 38.0 -111.0
2 0.0 1.0 1.0 1.0 0.5 0.0 0.0 38.0 -228.0 38.0 -130.0
2 0.0 1.0 1.0 1.0 0.5 0.0 0.0 38.0 -266.0 38.0 -149.0
2 0.0 1.0 1.0 1.0 0.5 0.0 0.0 38.0 38.0 38.0 -35.0
2 0.0 1.0 1.0 1.0 0.5 0.0 0.0 38.0 0.0 38.0 -54.0
2 0.0 1.0 1.0 1.0 0.5 0.0 0.0 38.0 -38.0 38.0 -73.0
2 0.0 1.0 1.0 1.0 0.5 0.0 0.0 38.0 -76.0 38.0 -92.0
2 0.0 1.0 1.0 1.0 0.5 0.0 0.0 38.0 -114.0 38.0 -111.0
2 0.0 1.0 1.0 1.0 0.5 0.0 0.0 38.0 -152.0 38.0 -130.0
2 0.0 1.0 1.0 1.0 0.5 0.0 0.0 38.0 -190.0 38.0 -149.0
2 0.0 1.0 1.0 1.0 0.5 0.0 0.0 38.0 -228.0 38.0 -168.0
2 0.0 1.0 1.0 1.0 0.5 0.0 0.0 38.0 76.0 38.0 -54.0
2 0.0 1.0 1.0 1.0 0.5 0.0 0.0 38.0 38.0 38.0 -73.0
2 0.0 1.0 1.0 1.0 0.5 0.0 0.0 38.0 0.0 38.0 -92.0
2 0.0 1.0 1.0 1.0 0.5 0.0 0.0 38.0 -38.0 38.0 -111.0
2 0.0 1.0 1.0 1.0 0.5 0.0 0.0 38.0 -76.0 38.0 -130.0
2 0.0 1.0 1.0 1.0 0.5 0.0 0.0 38.0 -114.0 38.0 -149.0
2 0.0 1.0 1.0 1.0 0.5 0.0 0.0 38.0 -152.0 38.0 -168.0
2 0.0 1.0 1.0 1.0 0.5 0.0 0.0 38.0 -190.0 38.0 -187.0
2 0.0 1.0 1.0 1.0 0.5 0.0 0.0 38.0 114.0 38.0 -73.0
2 0.0 1.0 1.0 1.0 0.5 0.0 0.0 38.0 76.0 38.0 -92.0
2 0.0 1.0 1.0 1.0 0.5 0.0 0.0 38.0 38.0 38.0 -111.0
2 0.0 1.0 1.0 1.0 0.5 0.0 0.0 38.0 0.0 38.0 -130.0
2 0.0 1.0 1.0 1.0 0.5 0.0 0.0 38.0 -38.0 38.0 -149.0
2 0.0 1.0 1.0 1.0 0.5 0.0 0.0 38.0 -76.0 38.0 -168.0
2 0.0 1.0 1.0 1.0 0.5 0.0 0.0 38.0 -114.0 38.0 -187.0
2 0.0 1.0 1.0 1.0 0.5 0.0 0.0 38.0 -152.0 38.0 -206.0
2 0.0 1.0 1.0 1.0 0.5 0.0 0.0 38.0 152.0 38.0 -92.0
2 0.0 1.0 1.0 1.0 0.5 0.0 0.0 38.0 114.0 38.0 -111.0
2 0.0 1.0 1.0 1.0 0.5 0.0 0.0 38.0 76.0 38.0 -130.0
2 0.0 1.0 1.0 1.0 0.5 0.0 0.0 38.0 38.0 38.0 -149.0
2 0.0 1.0 1.0 1.0 0.5 0.0 0.0 38.0 0.0 38.0 -168.0
2 0.0 1.0 1.0 1.0 0.5 0.0 0.0 38.0 -38.0 38.0 -187.0
2 0.0 1.0 1.0 1.0 0.5 0.0 0.0 38.0 -76.0 38.0 -206.0
2 0.0 1.0 1.0 1.0 0.5 0.0 0.0 38.0 -114.0 38.0 -225.0
2 0.0 1.0 1.0 1.0 0.5 0.0 0.0 38.0 190.0 38.0 -111.0
2 0.0 1.0 1.0 1.0 0.5 0.0 0.0 38.0 152.0 38.0 -130.0
2 0.0 1.0 1.0 1.0 0.5 0.0 0.0 38.0 114.0 38.0 -149.0
2 0.0 1.0 1.0 1.0 0.5 0.0 0.0 38.0 76.0 38.0 -168.0
2 0.0 1.0 1.0 1.0 0.5 0.0 0.0 38.0 38.0 38.0 -187.0
2 0.0 1.0 1.0 1.0 0.5 0.0 0.0 38.0 0.0 38.0 -206.0
2 0.0 1.0 1.0 1.0 0.5 0.0 0.0 38.0 -38.0 38.0 -225.0
2 0.0 1.0 1.0 1.0 0.5 0.0 0.0 38.0 -76.0 38.0 -244.0
2 0.0 1.0 1.0 1.0 0.5 0.0 0.0 38.0 228.0 38.0 -130.0
2 0.0 1.0 1.0 1.0 0.5 0.0 0.0 38.0 190.0 38.0 -149.0
2 0.0 1.0 1.0 1.0 0.5 0.0 0.0 38.0 152.0 38.0 -168.0
2 0.0 1.0 1.0 1.0 0.5 0.0 0.0 38.0 114.0 38.0 -187.0
2 0.0 1.0 1.0 1.0 0.5 0.0 0.0 38.0 76.0 38.0 -206.0
2 0.0 1.0 1.0 1.0 0.5 0.0 0.0 38.0 38.0 38.0 -225.0
2 0.0 1.0 1.0 1.0 0.5 0.0 0.0 38.0 0.0 38.0 -244.0
2 0.0 1.0 1.0 1.0 0.5 0.0 0.0 38.0 -38.0 38.0 -263.0
2 0.0 1.0 1.0 1.0 0.5 0.0 0.0 38.0 266.0 38.0 -149.0
2 0.0 1.0 1.0 1.0 0.5 0.0 0.0 38.0 228.0 38.0 -168.0
2 0.0 1.0 1.0 1.0 0.5 0.0 0.0 38.0 190.0 38.0 -187.0
2 0.0 1.0 1.0 1.0 0.5 0.0 0.0 38.0 152.0 38.0 -206.0
2 0.0 1.0 1.0 1.0 0.5 0.0 0.0 38.0 114.0 38.0 -225.0
2 0.0 1.0 1.0 1.0 0.5 0.0 0.0 38.0 76.0 38.0 -244.0
2 0.0 1.0 1.0 1.0 0.5 0.0 0.0 38.0 38.0 38.0 -263.0
2 0.0 1.0 1.0 1.0 0.5 0.0 0.0 38.0 0.0 38.0 -282.0
4 0.0 0.333 0.25 0.333 0.0 0.0 0.0 24.3 -70.0 40.3 0.0
4 0.0 0.333 0.25 0.333 0.0 0.0 0.333 24.3 -220.0 40.3 165.0
4 0.0 0.333 0.25 0.333 0.0 0.5 0.667 24.3 185.0 40.3 185.0
5 0.0 0.5 0.25 0.5 0.0 0.5 0.0 28.3 200.0 45.0 20.0
5 0.0 0.5 0.25 0.5 0.0 0.5 0.5 28.3 75.0 46.0 160.0
6 0.0 0.333 0.25 0.333 0.0 0.5 0.0 32.3 240.0 37.6 80.0
6 0.0 0.333 0.25 0.333 0.0 0.0 0.333 32.3 -80.0 37.6 155.0
6 0.0 0.333 0.25 0.333 0.0 0.0 0.667 32.3 -200.0 37.6 15.0
7 0.0 0.5 0.25 0.5 0.0 0.0 0.0 40.32 -245.0 39.6 75.0
7 0.0 0.5 0.25 0.5 0.0 0.5 0.5 40.32 80.0 39.6 75.0
